name: semeval
channels:
  - conda-forge
  - defaults
dependencies:
  - bzip2=1.0.6=h470a237_2
  - cairo=1.14.12=h276e583_5
  - ffmpeg=4.0.2=ha0c5888_2
  - fontconfig=2.13.1=h65d0f4c_0
  - freeglut=3.0.0=hfc679d8_5
  - freetype=2.9.1=h6debe1e_4
  - gettext=0.19.8.1=h5e8e0c9_1
  - glib=2.56.2=h464dc38_0
  - gmp=6.1.2=hfc679d8_0
  - gnutls=3.5.19=h2a4e5f8_1
  - graphite2=1.3.12=hfc679d8_1
  - harfbuzz=1.9.0=h04dbb29_1
  - hdf5=1.8.20=1
  - jpeg=9c=h470a237_1
  - libgfortran=3.0.0=1
  - libglu=9.0.0=0
  - libiconv=1.15=h470a237_3
  - libpng=1.6.35=ha92aebf_2
  - libtiff=4.0.9=he6b73bb_2
  - libuuid=2.32.1=h470a237_2
  - libxcb=1.13=h470a237_2
  - nettle=3.3=0
  - openh264=1.8.0=hd28b015_0
  - pcre=8.41=hfc679d8_3
  - pip=10.0.1=py36_0
  - pixman=0.34.0=h470a237_3
  - pthread-stubs=0.4=h470a237_1
  - setuptools=39.1.0=py36_0
  - six=1.11.0=py36_1
  - termcolor=1.1.0=py36_1
  - wheel=0.32.1=py36_0
  - x264=1!152.20180717=h470a237_1
  - xorg-kbproto=1.0.7=h470a237_2
  - xorg-libice=1.0.9=h470a237_4
  - xorg-libsm=1.2.3=h8c8a85c_0
  - xorg-libx11=1.6.6=h470a237_0
  - xorg-libxau=1.0.8=h470a237_6
  - xorg-libxdmcp=1.1.2=h470a237_7
  - xorg-libxext=1.3.3=h470a237_4
  - xorg-libxrender=0.9.10=h470a237_2
  - xorg-renderproto=0.11.1=h470a237_2
  - xorg-xextproto=7.3.0=h470a237_2
  - xorg-xproto=7.0.31=h470a237_7
  - _tflow_select=2.1.0=gpu
  - absl-py=0.5.0=py36_0
  - astor=0.7.1=py36_0
  - blas=1.0=mkl
  - ca-certificates=2018.03.07=0
  - certifi=2018.10.15=py36_0
  - cudatoolkit=9.2=0
  - cudnn=7.2.1=cuda9.2_0
  - cupti=9.2.148=0
  - cython=0.29=py36he6710b0_0
  - gast=0.2.0=py36_0
  - grpcio=1.12.1=py36hdbcaa40_0
  - h5py=2.8.0=py36h61e79e4_3
  - icu=58.2=h9c2bf20_1
  - intel-openmp=2019.0=118
  - jasper=2.0.14=h07fcdf6_1
  - keras=2.2.4=0
  - keras-applications=1.0.6=py36_0
  - keras-base=2.2.4=py36_0
  - keras-preprocessing=1.0.5=py36_0
  - libedit=3.1.20170329=h6b74fdf_2
  - libffi=3.2.1=hd88cf55_4
  - libgcc-ng=8.2.0=hdf63c60_1
  - libgfortran-ng=7.3.0=hdf63c60_0
  - libopencv=3.4.2=h765d7f9_1
  - libprotobuf=3.6.0=hdbcaa40_0
  - libstdcxx-ng=8.2.0=hdf63c60_1
  - libxml2=2.9.8=h26e45fe_1
  - libxslt=1.1.32=h1312cb7_0
  - lxml=4.2.5=py36hefd8a0e_0
  - markdown=3.0.1=py36_0
  - mkl=2019.0=118
  - mkl_fft=1.0.6=py36h7dd41cf_0
  - mkl_random=1.0.1=py36h4414c95_1
  - ncurses=6.1=hf484d3e_0
  - nltk=3.3.0=py36_0
  - numpy=1.12.1=py36he24570b_1
  - numpy-base=1.15.2=py36h81de0dd_1
  - opencv=3.4.2=py36h40b0b35_1
  - openssl=1.0.2p=h14c3975_0
  - pandas=0.23.4=py36h04863e7_0
  - protobuf=3.6.0=py36hf484d3e_0
  - py-opencv=3.4.2=py36h765d7f9_1
  - python=3.6.6=h6e4f718_2
  - python-dateutil=2.7.3=py36_0
  - pytz=2018.5=py36_0
  - pyyaml=3.13=py36h14c3975_0
  - readline=7.0=h7b6447c_5
  - scikit-learn=0.20.0=py36h4989274_1
  - scipy=1.1.0=py36hd20e5f9_0
  - sqlite=3.25.2=h7b6447c_0
  - tensorboard=1.11.0=py36hf484d3e_0
  - tensorflow=1.0.1=np112py36_0
  - tensorflow-base=1.5.0=py36hff88cb2_1
  - tk=8.6.8=hbc83047_0
  - werkzeug=0.14.1=py36_0
  - xz=5.2.4=h14c3975_4
  - yaml=0.1.7=had09818_2
  - zlib=1.2.11=ha838bed_2
  - pip:
    - fasttext==0.8.3
    - future==0.17.1
prefix: /home/konstantina/anaconda3/envs/semeval

